""	"2 nodes"
0.04	0.024
0.06	0.035
0.08	0.046
0.1	0.057
0.12	0.069
0.14	0.078
0.16	0.093
0.18	0.103
0.2	0.120
0.22	0.130
0.24	0.143
0.26	0.154
0.28	0.171
0.3	0.193
0.32	0.209
0.34	0.217
0.36	0.236
0.38	0.249
0.4	0.257
0.42	0.270
0.44	0.296
0.46	0.323
0.48	0.336
0.5	0.373
0.52	0.410
0.54	0.420
0.56	0.459
0.58	0.500
0.6	0.544
0.62	0.828
0.64	0.583
0.66	0.658
0.68	0.680
0.7	0.694
0.72	0.831
0.74	0.788
0.76	0.845
0.78	0.897
0.8	0.971
0.82	1.013
0.84	1.103
0.86	1.206
0.88	1.273
0.9	1.451
0.92	1.502
0.94	1.776
0.96	1.893
0.98	2.326
1.0	2.576
1.02	2.897
1.04	3.717
1.06	4.523
1.08	6.074
1.1	11.229
1.12	18.029
1.14	24.906
1.16	31.544
1.18	37.967
1.2	45.152
1.22	53.383
1.24	58.767
1.26	64.964
1.28	71.138
1.3	77.130
1.32	81.972
1.34	87.546
1.36	92.987
1.38	98.141
1.4	102.889
1.42	107.931
1.44	112.961
1.46	117.374
1.48	121.960
1.5	126.269
1.52	131.891
1.54	135.780
1.56	139.936
1.58	143.686
1.6	147.158
1.62	151.236
1.64	155.068
1.66	157.121
1.68	160.687
1.7	164.293
1.72	167.818
1.74	171.229
1.76	173.224
1.78	176.162
1.8	178.783
1.82	182.663
1.84	185.379
1.86	187.857
1.88	191.143
1.9	193.680
1.92	197.020
1.94	200.417
1.96	202.712
1.98	206.184
2.0	208.530
2.02	210.805
2.04	213.157
2.06	215.695
2.08	218.400
2.1	220.179
2.12	223.118
2.14	224.982
2.16	227.015
2.18	228.972
2.2	229.308
2.22	229.643
2.24	232.717
2.26	235.269
2.28	238.080
2.3	238.896
2.32	241.287
2.34	243.340
2.36	245.325
2.38	246.279
2.4	247.917
2.42	250.191
2.44	252.263
2.46	252.389
2.48	253.831
2.5	253.995
2.52	256.529
2.54	259.041
2.56	259.353
2.58	259.114
2.6	260.879
2.62	262.027
2.64	263.909
2.66	265.956
2.68	267.196
2.7	268.162
2.72	269.260
2.74	270.744
2.76	272.381
2.78	274.188
2.8	274.051
2.82	275.980
2.84	275.437
2.86	277.704
2.88	277.533
2.9	278.877
2.92	280.177
2.94	281.672
2.96	283.603
2.98	284.830
3.0	285.344
3.02	287.176
3.04	288.768
3.06	288.409
3.08	289.440
3.1	290.878
3.12	292.066
3.14	293.205
3.16	293.060
3.18	292.777
3.2	294.058
3.22	294.995
3.24	294.605
3.26	295.739
3.28	299.269
3.3	297.912
3.32	298.957
3.34	301.863
3.36	300.366
3.38	301.876
3.4	302.215
3.42	302.796
3.44	303.051
3.46	306.730
3.48	308.080
3.5	309.155
3.52	310.521
3.54	310.357
3.56	310.421
3.58	309.398
3.6	311.683
3.62	312.898
3.64	312.867
3.66	313.353
3.68	315.147
3.7	314.644
3.72	315.409
3.74	315.470
3.76	316.168
3.78	316.842
3.8	314.723
3.82	318.794
3.84	94.205
3.86	315.685
3.88	315.418
3.9	315.125
3.92	313.502
3.94	317.097
3.96	318.563
3.98	317.818
4.0	317.749
4.02	319.176
4.04	317.886
4.06	317.686
4.08	317.466
4.1	317.183
4.12	317.673
4.14	314.795
4.16	316.025
4.18	316.413
4.2	317.183
4.22	318.374
4.24	318.702
4.26	318.551
4.28	318.828
4.3	319.530
4.32	320.651
4.34	321.335
4.36	321.989
4.38	322.629
4.4	323.710
4.42	324.351
4.44	324.542
4.46	325.138
4.48	326.179
4.5	327.214
4.52	328.684
4.54	329.720
4.56	330.733
4.58	331.291
4.6	330.919
4.62	330.981
4.64	328.660
4.66	329.586
4.68	330.960
4.7	330.908
4.72	330.836
4.74	331.220
4.76	332.091
4.78	333.419
4.8	334.266
4.82	335.108
4.84	335.947
4.86	337.746
4.88	338.088
4.9	338.904
4.92	338.730
4.94	340.506
4.96	340.810
4.98	341.593
5.0	342.374
5.02	344.132
5.04	343.899
5.06	343.673
5.08	345.411
5.1	345.150
5.12	339.160
5.14	340.332
5.16	340.945
5.18	341.027
5.2	342.183
5.22	342.213
5.24	341.220
5.26	339.642
5.28	340.724
5.3	340.144
5.32	341.766
5.34	342.274
5.36	341.083
5.38	342.688
5.4	342.587
5.42	343.623
5.44	344.642
5.46	343.950
5.48	345.531
5.5	345.962
5.52	346.399
5.54	346.213
5.56	346.615
5.58	348.173
5.6	348.567
5.62	350.120
5.64	349.911
5.66	349.711
5.68	351.248
5.7	349.217
5.72	350.739
5.74	350.476
5.76	351.991
5.78	351.690
5.8	353.197
5.82	352.902
5.84	353.210
5.86	354.087
5.88	354.379
5.9	355.248
5.92	355.526
5.94	356.386
5.96	355.407
5.98	356.873
