""	"2 nodes (l=3.167persec)"
0.04	0.024
0.06	0.035
0.08	0.047
0.1	0.061
0.12	0.074
0.14	0.083
0.16	0.100
0.18	0.113
0.2	0.132
0.22	0.146
0.24	0.161
0.26	0.182
0.28	0.201
0.3	0.245
0.32	0.266
0.34	0.280
0.36	0.351
0.38	0.340
0.4	0.372
0.42	0.418
0.44	0.469
0.46	0.526
0.48	0.616
0.5	0.755
0.52	1.099
0.54	1.081
0.56	1.296
0.58	1.862
0.6	17.116
0.62	99.386
0.64	30.447
0.66	25.907
0.68	34.004
0.7	50.165
0.72	92.623
0.74	70.760
0.76	77.252
0.78	86.490
0.8	95.748
0.82	103.460
0.84	112.421
0.86	120.218
0.88	126.718
0.9	134.068
0.92	141.406
0.94	147.903
0.96	154.864
0.98	159.901
1.0	165.706
1.02	170.672
1.04	175.691
1.06	181.029
1.08	186.353
1.1	191.076
1.12	195.650
1.14	200.875
1.16	205.248
1.18	210.230
1.2	214.553
1.22	218.969
1.24	222.551
1.26	225.827
1.28	227.796
1.3	233.111
1.32	237.718
1.34	239.749
1.36	242.819
1.38	245.601
1.4	247.858
1.42	250.758
1.44	253.987
1.46	256.128
1.48	258.886
1.5	262.462
1.52	264.875
1.54	265.719
1.56	268.408
1.58	270.379
1.6	271.906
1.62	274.872
1.64	277.510
1.66	279.365
1.68	281.742
1.7	283.734
1.72	285.909
1.74	288.380
1.76	290.630
1.78	292.122
1.8	293.286
1.82	296.092
1.84	297.938
1.86	298.900
1.88	301.478
1.9	303.526
1.92	301.662
1.94	307.866
1.96	309.884
1.98	312.098
2.0	311.777
2.02	314.377
2.04	314.384
2.06	315.778
2.08	315.288
2.1	316.784
2.12	318.021
2.14	319.735
2.16	320.635
2.18	322.203
2.2	323.131
2.22	321.780
2.24	321.822
2.26	323.591
2.28	325.529
2.3	327.230
2.32	327.192
2.34	329.600
2.36	329.857
2.38	330.881
2.4	331.179
2.42	332.281
2.44	333.998
2.46	335.232
2.48	335.963
2.5	335.715
2.52	337.444
2.54	339.382
2.56	339.391
2.58	337.576
2.6	339.331
2.62	339.780
2.64	340.716
2.66	342.610
2.68	342.735
2.7	343.517
2.72	343.742
2.74	345.733
2.76	345.630
2.78	347.291
2.8	346.262
2.82	347.566
2.84	346.327
2.86	348.083
2.88	350.099
2.9	350.995
2.92	351.846
2.94	352.950
2.96	354.602
2.98	355.375
3.0	355.264
3.02	356.817
3.04	358.074
3.06	356.920
3.08	357.500
3.1	358.594
3.12	359.389
3.14	360.127
3.16	359.301
3.18	358.314
3.2	359.267
3.22	359.810
3.24	358.757
3.26	359.903
3.28	361.316
3.3	361.404
3.32	362.132
3.34	363.478
3.36	362.400
3.38	363.690
3.4	363.582
3.42	363.427
3.44	363.582
3.46	364.758
3.48	365.570
3.5	365.995
3.52	367.481
3.54	368.950
3.56	367.148
3.58	367.823
3.6	367.724
3.62	368.344
3.64	369.306
3.66	367.619
3.68	368.904
3.7	370.434
3.72	370.917
3.74	370.581
3.76	370.998
3.78	371.393
3.8	371.347
3.82	372.892
3.84	369.139
3.86	368.532
3.88	367.862
3.9	367.170
3.92	368.133
3.94	369.083
3.96	370.453
3.98	369.643
4.0	369.237
4.02	370.555
4.04	368.754
4.06	368.213
4.08	367.655
4.1	367.032
4.12	367.297
4.14	363.727
4.16	364.847
4.18	365.010
4.2	365.614
4.22	366.698
4.24	366.802
4.26	366.366
4.28	366.418
4.3	366.954
4.32	367.966
4.34	368.484
4.36	368.970
4.38	369.442
4.4	370.414
4.42	370.890
4.44	370.856
4.46	371.283
4.48	372.215
4.5	373.140
4.52	374.558
4.54	375.486
4.56	376.391
4.58	376.784
4.6	376.132
4.62	375.970
4.64	373.133
4.66	373.952
4.68	375.274
4.7	374.996
4.72	374.697
4.74	374.912
4.76	375.674
4.78	376.950
4.8	377.686
4.82	378.418
4.84	379.146
4.86	380.953
4.88	381.128
4.9	381.836
4.92	381.433
4.94	383.216
4.96	383.355
4.98	384.029
5.0	384.700
5.02	386.466
5.04	386.004
5.06	385.554
5.08	387.299
5.1	386.814
5.12	379.945
5.14	381.067
5.16	381.567
5.18	381.479
5.2	382.585
5.22	382.442
5.24	381.169
5.26	379.250
5.28	380.280
5.3	379.473
5.32	381.103
5.34	381.501
5.36	380.027
5.38	381.639
5.4	381.372
5.42	382.358
5.44	383.325
5.46	382.412
5.48	384.000
5.5	384.324
5.52	384.657
5.54	384.303
5.56	384.599
5.58	386.164
5.6	386.451
5.62	388.011
5.64	387.638
5.66	387.275
5.68	388.820
5.7	386.454
5.72	387.983
5.74	387.560
5.76	389.081
5.78	388.617
5.8	390.131
5.82	389.676
5.84	389.883
5.86	390.709
5.88	390.899
5.9	391.717
5.92	391.891
5.94	392.701
5.96	391.504
5.98	392.978
