""	"3 nodes"
0.04	0.025
0.045	0.027
0.05	0.030
0.055	0.037
0.06	0.037
0.065	0.038
0.07	0.041
0.075	0.045
0.08	0.046
0.085	0.051
0.09	0.052
0.095	0.056
0.1	0.063
0.105	0.064
0.11	0.080
0.115	0.071
0.12	0.077
0.125	0.077
0.13	0.078
0.135	0.082
0.14	0.084
0.145	0.090
0.15	0.098
0.155	0.104
0.16	0.099
0.165	0.104
0.17	0.107
0.175	0.110
0.18	0.111
0.185	0.118
0.19	0.125
0.195	0.129
0.2	0.150
0.205	0.151
0.21	0.146
0.215	0.147
0.22	0.148
0.225	0.152
0.23	0.157
0.235	0.164
0.24	0.167
0.245	0.168
0.25	0.177
0.255	0.181
0.26	0.187
0.265	0.190
0.27	0.199
0.275	0.204
0.28	0.212
0.285	0.223
0.29	0.230
0.295	0.239
0.3	0.276
0.305	0.285
0.31	0.285
0.315	0.265
0.32	0.267
0.325	0.275
0.33	0.279
0.335	0.284
0.34	0.290
0.345	0.299
0.35	0.303
0.355	0.307
0.36	0.322
0.365	0.323
0.37	0.344
0.375	0.340
0.38	0.351
0.385	0.362
0.39	0.362
0.395	0.373
0.4	0.395
0.405	0.407
0.41	0.407
0.415	0.422
0.42	0.426
0.425	0.438
0.43	0.469
0.435	0.487
0.44	0.486
0.445	0.511
0.45	0.510
0.455	0.554
0.46	0.552
0.465	0.569
0.47	0.621
0.475	0.643
0.48	0.663
0.485	0.665
0.49	0.731
0.495	0.840
0.5	0.802
0.505	0.920
0.51	0.987
0.515	0.976
0.52	1.007
0.525	1.057
0.53	1.137
0.535	1.199
0.54	1.266
0.545	1.349
0.55	1.448
0.555	1.637
0.56	1.742
0.565	1.782
0.57	2.084
0.575	2.519
0.58	3.886
0.585	6.658
0.59	15.896
0.595	23.724
0.6	40.647
0.605	53.172
0.61	59.107
0.615	75.952
0.62	69.525
0.625	39.632
0.63	27.768
0.635	28.357
0.64	31.290
0.645	33.402
0.65	37.549
0.655	37.524
0.66	41.076
0.665	43.417
0.67	43.639
0.675	47.488
0.68	49.477
0.685	52.354
0.69	55.818
0.695	60.427
0.7	61.582
0.705	73.695
0.71	70.081
0.715	73.519
0.72	78.812
0.725	82.852
0.73	77.743
0.735	81.420
0.74	81.732
0.745	84.536
0.75	84.465
0.755	86.757
0.76	89.380
0.765	92.560
0.77	93.036
0.775	96.639
0.78	97.848
0.785	100.442
0.79	102.166
0.795	103.745
0.8	104.584
0.805	109.564
0.81	110.003
0.815	112.475
0.82	115.326
0.825	117.559
0.83	119.922
0.835	119.538
0.84	124.047
0.845	124.240
0.85	124.129
0.855	125.960
0.86	129.581
0.865	133.113
0.87	132.584
0.875	136.051
0.88	136.735
0.885	137.233
0.89	140.738
0.895	143.103
0.9	145.760
0.905	145.863
0.91	148.796
0.915	149.316
0.92	148.505
0.925	149.660
0.93	151.257
0.935	155.377
0.94	156.097
0.945	159.111
0.95	160.258
0.955	159.551
0.96	162.385
0.965	164.046
0.97	165.104
0.975	166.668
0.98	168.575
0.985	170.719
0.99	171.969
0.995	172.674
1.0	173.862
1.005	175.335
1.01	178.852
1.015	178.505
1.02	181.632
1.025	182.628
1.03	183.811
1.035	185.029
1.04	187.432
1.045	187.505
1.05	188.271
1.055	189.655
1.06	190.707
1.065	192.400
1.07	193.385
1.075	191.414
1.08	195.629
1.085	197.165
1.09	197.614
1.095	198.953
1.1	200.604
1.105	201.406
1.11	202.538
1.115	201.166
1.12	201.909
1.125	202.994
1.13	202.979
1.135	206.227
1.14	205.450
1.145	205.508
1.15	206.350
1.155	207.997
1.16	208.576
1.165	211.415
1.17	211.819
1.175	212.139
1.18	214.250
1.185	209.438
1.19	215.201
1.195	215.590
1.2	216.361
1.205	217.606
1.21	218.736
1.215	219.774
1.22	221.510
1.225	222.925
1.23	223.218
1.235	222.159
1.24	223.315
1.245	223.818
1.25	224.338
1.255	225.842
1.26	226.516
1.265	227.507
1.27	227.954
1.275	228.740
1.28	230.614
1.285	230.061
1.29	230.861
1.295	231.713
1.3	232.471
1.305	235.648
1.31	234.665
1.315	236.107
1.32	238.625
1.325	240.708
1.33	241.672
1.335	242.154
1.34	240.611
1.345	242.799
1.35	242.412
1.355	242.556
1.36	243.761
1.365	243.620
1.37	245.420
1.375	245.265
1.38	245.535
1.385	246.502
1.39	247.306
1.395	248.218
1.4	248.845
1.405	249.486
1.41	250.246
1.415	250.699
1.42	251.714
1.425	252.585
1.43	253.430
1.435	253.991
1.44	254.533
1.445	255.856
1.45	256.328
1.455	257.298
1.46	254.079
1.465	254.459
1.47	258.382
1.475	257.605
1.48	256.525
1.485	259.747
1.49	259.394
1.495	260.009
