"sleep"	"l=1.5persec" "l=3persec" "l=5persec"
0.02	0.014	0.014	0.014
0.04	0.024	0.023	0.024
0.06	0.033	0.034	0.033
0.08	0.043	0.043	0.043
0.1	0.054	0.055	0.058
0.12	0.062	0.063	0.063
0.14	0.075	0.073	0.072
0.16	0.082	0.082	0.082
0.18	0.092	0.092	0.091
0.2	0.105	0.101	0.102
0.22	0.111	0.112	0.109
0.24	0.121	0.123	0.121
0.26	0.131	0.131	0.128
0.28	0.149	0.138	0.141
0.3	0.150	0.152	0.149
0.32	0.162	0.162	0.160
0.34	0.170	0.174	0.170
0.36	0.185	0.177	0.176
0.38	0.191	0.192	0.187
0.4	0.209	0.202	0.198
0.42	0.219	0.209	0.207
0.44	0.217	0.222	0.218
0.46	0.233	0.230	0.226
0.48	0.236	0.240	0.235
0.5	0.248	0.245	0.249
0.52	0.262	0.262	0.253
0.54	0.271	0.264	0.265
0.56	0.284	0.284	0.278
0.58	0.290	0.287	0.283
0.6	0.297	0.301	0.288
0.62	0.309	0.310	0.303
0.64	0.317	0.319	0.310
0.66	0.323	0.327	0.322
0.68	0.334	0.340	0.334
0.7	0.360	0.340	0.340
0.72	0.360	0.355	0.352
0.74	0.369	0.369	0.355
0.76	0.378	0.381	0.368
0.78	0.388	0.385	0.380
0.8	0.408	0.399	0.394
0.82	0.410	0.401	0.400
0.84	0.433	0.410	0.413
0.86	0.432	0.419	0.418
0.88	0.424	0.433	0.433
0.9	0.444	0.447	0.442
0.92	0.460	0.455	0.453
0.94	0.473	0.462	0.447
0.96	0.467	0.483	0.468
0.98	0.479	0.491	0.471
1.0	0.494	0.487	0.492
1.02	0.506	0.503	0.502
1.04	0.516	0.521	0.512
1.06	0.544	0.519	0.522
1.08	0.553	0.524	0.523
1.1	0.532	0.551	0.543
1.12	0.563	0.561	0.550
1.14	0.567	0.556	0.546
1.16	0.584	0.570	0.564
1.18	0.602	0.580	0.575
1.2	0.589	0.589	0.587
1.22	0.606	0.598	0.595
1.24	0.617	0.617	0.605
1.26	0.637	0.618	0.606
1.28	0.633	0.634	0.621
1.3	0.631	0.650	0.628
1.32	0.654	0.653	0.643
1.34	0.666	0.663	0.645
1.36	0.671	0.674	0.664
1.38	0.696	0.686	0.669
1.4	0.721	0.684	0.693
1.42	0.705	0.702	0.686
1.44	0.721	0.715	0.701
1.46	0.727	0.715	0.719
1.48	0.740	0.726	0.718
1.5	0.755	0.732	0.723
1.52	0.769	0.759	0.745
1.54	0.776	0.749	0.747
1.56	0.773	0.761	0.758
1.58	0.778	0.782	0.768
1.6	0.810	0.796	0.780
1.62	0.810	0.799	0.783
1.64	0.810	0.803	0.802
1.66	0.823	0.811	0.801
1.68	0.860	0.824	0.812
1.7	0.814	0.839	0.825
1.72	0.865	0.838	0.841
1.74	0.890	0.852	0.836
1.76	0.860	0.866	0.851
1.78	0.915	0.874	0.866
1.8	0.908	0.885	0.874
1.82	0.904	0.895	0.882
1.84	0.918	0.916	0.896
1.86	0.922	0.915	0.893
1.88	0.914	0.919	0.899
1.9	0.948	0.929	0.919
1.92	0.934	0.948	0.923
1.94	0.961	0.942	0.913
1.96	0.962	0.963	0.948
1.98	0.964	0.962	0.955
2.0	0.979	0.975	0.971
2.02	0.997	1.000	0.993
2.04	1.025	0.990	0.998
2.06	1.048	1.008	1.002
2.08	1.014	1.013	1.013
2.1	1.062	1.051	1.039
2.12	1.066	1.047	1.034
2.14	1.056	1.074	1.047
2.16	1.088	1.066	1.061
2.18	1.064	1.062	1.066
2.2	1.054	1.092	1.069
2.22	1.104	1.083	1.071
2.24	1.111	1.110	1.088
2.26	1.113	1.120	1.100
2.28	1.157	1.113	1.101
2.3	1.144	1.123	1.129
2.32	1.171	1.144	1.104
2.34	1.176	1.150	1.132
2.36	1.152	1.161	1.152
2.38	1.175	1.181	1.161
2.4	1.201	1.186	1.174
2.42	1.205	1.178	1.181
2.44	1.181	1.204	1.181
2.46	1.214	1.225	1.192
2.48	1.218	1.221	1.235
2.5	1.195	1.248	1.223
2.52	1.287	1.228	1.214
2.54	1.248	1.236	1.246
2.56	1.231	1.266	1.256
2.58	1.301	1.260	1.289
2.6	1.257	1.305	1.266
2.62	1.295	1.311	1.278
2.64	1.320	1.292	1.267
2.66	1.328	1.306	1.305
2.68	1.341	1.323	1.293
2.7	1.342	1.331	1.301
2.72	1.353	1.336	1.312
2.74	1.353	1.336	1.331
2.76	1.407	1.356	1.351
2.78	1.401	1.363	1.345
2.8	1.409	1.376	1.383
2.82	1.421	1.420	1.339
2.84	1.423	1.371	1.361
2.86	1.432	1.416	1.375
2.88	1.414	1.426	1.389
2.9	1.446	1.403	1.388
2.92	1.456	1.416	1.443
2.94	1.458	1.456	1.423
2.96	1.459	1.444	1.432
2.98	1.477	1.449	1.435
3.0	1.494	1.437	1.457
3.02	1.488	1.480	1.451
3.04	1.515	1.502	1.467
3.06	1.504	1.491	1.473
3.08	1.533	1.493	1.472
3.1	1.542	1.516	1.511
3.12	1.512	1.532	1.529
3.14	1.565	1.525	1.527
3.16	1.571	1.559	1.521
3.18	1.592	1.556	1.540
3.2	1.622	1.585	1.550
3.22	1.607	1.567	1.549
3.24	1.623	1.600	1.559
3.26	1.609	1.605	1.566
3.28	1.625	1.626	1.605
3.3	1.626	1.637	1.585
3.32	1.656	1.624	1.594
3.34	1.668	1.646	1.630
3.36	1.694	1.651	1.630
3.38	1.690	1.638	1.628
3.4	1.675	1.660	1.659
3.42	1.663	1.683	1.643
3.44	1.722	1.670	1.680
3.46	1.754	1.703	1.658
3.48	1.770	1.693	1.705
3.5	1.725	1.730	1.704
3.52	1.751	1.748	1.703
3.54	1.801	1.721	1.697
3.56	1.790	1.778	1.697
3.58	1.747	1.755	1.760
3.6	1.780	1.800	1.734
3.62	1.772	1.797	1.762
3.64	1.823	1.799	1.802
3.66	1.828	1.810	1.762
3.68	1.791	1.841	1.778
3.7	1.817	1.817	1.812
3.72	1.876	1.839	1.796
3.74	1.789	1.808	1.820
3.76	1.834	1.814	1.787
3.78	1.883	1.822	1.816
3.8	1.936	1.850	1.845
3.82	1.913	1.875	1.863
3.84	1.917	1.914	1.856
3.86	1.929	1.889	1.898
3.88	1.939	1.893	1.846
3.9	1.950	1.895	1.908
3.92	1.923	1.936	1.930
3.94	1.946	1.947	1.925
3.96	2.001	1.886	1.893
3.98	1.972	1.928	1.904
4.0	1.958	1.966	1.949
4.02	1.968	2.008	1.946
4.04	2.021	1.990	1.983
4.06	1.997	1.962	1.993
4.08	2.077	1.981	1.998
4.1	1.970	2.007	1.996
4.12	2.069	2.008	2.016
4.14	2.077	2.051	2.009
4.16	2.081	2.039	2.028
4.18	2.042	2.030	2.052
4.2	2.135	2.087	2.065
4.22	2.101	2.104	2.053
4.24	2.093	2.095	2.065
4.26	2.150	2.108	2.060
4.28	2.098	2.144	2.086
4.3	2.121	2.079	2.118
4.32	2.138	2.126	2.140
4.34	2.184	2.103	2.099
4.36	2.121	2.074	2.149
4.38	2.172	2.160	2.168
4.4	2.069	2.182	2.107
4.42	2.147	2.133	2.138
4.44	2.246	2.164	2.186
4.46	2.183	2.209	2.158
4.48	2.209	2.191	2.147
4.5	2.266	2.190	2.177
4.52	2.302	2.202	2.223
4.54	2.190	2.197	2.212
4.56	2.336	2.209	2.220
4.58	2.167	2.264	2.291
4.6	2.240	2.269	2.241
4.62	2.312	2.259	2.281
4.64	2.300	2.226	2.245
4.66	2.261	2.293	2.274
4.68	2.295	2.254	2.264
4.7	2.373	2.276	2.263
4.72	2.328	2.281	2.305
4.74	2.296	2.340	2.310
4.76	2.418	2.301	2.306
4.78	2.322	2.423	2.337
4.8	2.349	2.372	2.318
4.82	2.371	2.319	2.305
4.84	2.378	2.392	2.327
4.86	2.386	2.385	2.382
4.88	2.388	2.413	2.340
4.9	2.484	2.436	2.396
4.92	2.395	2.411	2.370
4.94	2.501	2.420	2.383
4.96	2.415	2.391	2.405
4.98	2.426	2.442	2.380
5.0	2.446	2.479	2.414
5.02	2.485	2.503	2.420
5.04	2.550	2.427	2.400
5.06	2.550	2.500	2.426
5.08	2.480	2.494	2.463
5.1	2.457	2.512	2.466
5.12	2.511	2.530	2.460
5.14	2.617	2.510	2.508
5.16	2.601	2.495	2.496
5.18	2.585	2.538	2.480
5.2	2.583	2.586	2.545
5.22	2.597	2.537	2.518
5.24	2.629	2.591	2.512
5.26	2.686	2.582	2.582
5.28	2.607	2.557	2.479
5.3	2.597	2.551	2.621
5.32	2.626	2.640	2.584
5.34	2.654	2.675	2.584
5.36	2.636	2.589	2.589
5.38	2.618	2.653	2.587
5.4	2.726	2.595	2.594
5.42	2.653	2.664	2.609
5.44	2.653	2.624	2.613
5.46	2.709	2.653	2.633
5.48	2.720	2.722	2.667
5.5	2.711	2.676	2.654
5.52	2.790	2.678	2.663
5.54	2.735	2.671	2.671
5.56	2.751	2.768	2.660
5.58	2.766	2.794	2.708
5.6	2.734	2.720	2.726
5.62	2.843	2.736	2.717
5.64	2.812	2.800	2.716
5.66	2.828	2.817	2.780
5.68	2.892	2.777	2.697
5.7	2.877	2.752	2.741
5.72	2.915	2.826	2.779
5.74	2.902	2.761	2.719
5.76	2.873	2.833	2.755
5.78	2.828	2.871	2.789
5.8	2.949	2.852	2.771
5.82	2.874	2.885	2.819
5.84	2.867	2.893	2.849
5.86	2.990	2.915	2.781
5.88	2.924	2.915	2.852
5.9	2.982	2.935	2.789
5.92	2.966	2.897	2.844
5.94	3.018	2.871	2.888
5.96	3.022	2.907	2.899
5.98	2.971	2.996	2.872
