"sleep"	"l=1.5persec" "l=3persec" "l=5persec"
0.02	0.418380178757	0.30119736089	0.192619896012
0.025	0.411651917258	0.311710258795	0.186841080009
0.03	0.394135479857	0.0477944655988	0.165323276524
0.035	0.0525684503612	0.0401556620195	0.0375456464159
0.04	0.0552891281586	0.0636073132666	0.0385204425195
0.045	0.0525684503612	0.0401556620195	0.0354862871436
0.05	0.0603166644731	0.0449312227115	0.163007630504
0.055	0.0711471429609	0.0606707868539	0.063207553986
0.06	0.0603166644731	0.0529511288357	0.0509127689865
0.065	0.0578654202053	0.0879228628909	0.0445578279535
0.07	0.0552891281586	0.050456801217	0.0468187479148
0.075	0.0819981006442	0.0586015934011	0.0562458495426
0.08	0.0649026071628	0.0529511288357	0.0521720275057
0.085	0.0670600451913	0.0730470337607	0.0603868797391
0.09	0.0691391368101	0.061670711855	0.0618244676299
0.095	0.0711471429609	0.0606707868539	0.063207553986
0.1	0.0768026079454	0.076811475283	0.0839471242474
0.105	0.0785805582708	0.0745859781491	0.0773691349308
0.11	0.115059041394	0.111465646905	0.132822531264
0.115	0.0785805582708	0.0829750183079	0.0995720666213
0.12	0.0927808556007	0.093013512691	0.111166319174
0.125	0.0913361509882	0.0890941779755	0.101962336733
0.13	0.080311324039	0.0823240575221	0.0944952622851
0.135	0.0883581621103	0.0829750183079	0.0934774522215
0.14	0.0927808556007	0.0861187420808	0.0990398715002
0.145	0.0941980055388	0.0924697615373	0.108621578673
0.15	0.108286573315	0.106497781984	0.132130631454
0.155	0.116137677887	0.109444331135	0.140983614902
0.16	0.103446521269	0.102945755519	0.125291066989
0.165	0.102190099755	0.105190060131	0.133162788242
0.17	0.103446521269	0.105629102561	0.137972557187
0.175	0.102190099755	0.111066650658	0.145216500669
0.18	0.112860698508	0.115320380377	0.160142551118
0.185	0.118255963605	0.117883482275	0.15854387245
0.19	0.121341573708	0.122382604066	0.169334851833
0.195	0.130017151649	0.130227893444	0.190312125154
0.2	0.141294520597	0.150118170297	0.202450554974
0.205	0.148411120571	0.16694382887	0.202823926471
0.21	0.134511275708	0.144227675454	0.201831748478
0.215	0.133629173536	0.144935647635	0.201914888048
0.22	0.134511275708	0.148806130178	0.202163567849
0.225	0.13711035376	0.152455781726	0.202426303186
0.23	0.134511275708	0.157469844497	0.202618970782
0.235	0.142110556415	0.171424679365	0.202817941516
0.24	0.147644596712	0.170334404454	0.202850477546
0.245	0.142110556415	0.173250117041	0.202845806745
0.25	0.149171956298	0.176033999109	0.202895331887
0.255	0.149927204369	0.191927584312	0.202961941158
0.26	0.15067696237	0.19070787231	0.202971366374
0.265	0.16659521476	0.196563897237	0.202987098023
0.27	0.165950036616	0.200944361487	0.203005858065
0.275	0.167874269703	0.211398234719	0.203024693612
0.28	0.178188355951	0.217445132846	0.203046587755
0.285	0.183288748468	0.222478500136	0.203062068973
0.29	0.181613852369	0.237447081091	0.203083224534
0.295	0.192857509214	0.26387628315	0.203105488999
0.3	0.217233664936	0.320198906043	0.203160314389
0.305	0.219298950129	0.327491629192	0.203163504522
0.31	0.215556017844	0.328259672326	0.203170398617
0.315	0.204511678072	0.292503730642	0.203132525646
0.32	0.20680268455	0.292158063612	0.20313272954
0.325	0.206347959546	0.298361887327	0.203137346919
0.33	0.204973385146	0.303995742411	0.203143567312
0.335	0.207255700395	0.313360794436	0.20314961976
0.34	0.211258205122	0.321690156385	0.203155632702
0.345	0.209938682621	0.327353891314	0.203163913645
0.35	0.21470848688	0.328981720122	0.203167089167
0.355	0.218476999947	0.329903738517	0.20317264797
0.36	0.230640760754	0.330560608427	0.203181153457
0.365	0.220926554135	0.330597444124	0.203177795424
0.37	0.232126956715	0.330873501535	0.203180972241
0.375	0.231013971722	0.331026010556	0.203184591257
0.38	0.233595684392	0.331141424109	0.203187120147
0.385	0.237548086322	0.331349000203	0.203189987962
0.39	0.242744962596	0.331470796859	0.203193277613
0.395	0.247736337975	0.331628795121	0.203196916109
0.4	0.251275622883	0.331766492446	0.203199129193
0.405	0.260160195684	0.331862767297	0.203202870168
0.41	0.254409772561	0.331933601191	0.203204697958
0.415	0.256558643743	0.332015630834	0.203206604855
0.42	0.262796210143	0.332076539876	0.203210192867
0.425	0.2636629356	0.332114594787	0.203210016788
0.43	0.267910603363	0.33216437636	0.203211293785
0.435	0.276266571603	0.332213600807	0.203213870131
0.44	0.280627756442	0.332260154723	0.203214672923
0.445	0.283372698598	0.332327312749	0.203216619029
0.45	0.28987129527	0.332335753484	0.203218968838
0.455	0.293344210882	0.332378723055	0.203220560439
0.46	0.295832494294	0.332381246559	0.203222010403
0.465	0.302595338677	0.332427082568	0.203223957488
0.47	0.305743514216	0.332448202931	0.203225566915
0.475	0.313582451539	0.332467694135	0.203225318352
0.48	0.315324820546	0.332504429482	0.203227493668
0.485	0.321516091679	0.332518725903	0.203228886634
0.49	0.324590987518	0.332529321484	0.203230009294
0.495	0.338928207596	0.332610562807	0.203235814165
0.5	0.338128890027	0.332581927211	0.203233781568
0.505	0.351061171251	0.332608814294	0.203236387738
0.51	0.362494598073	0.332642150303	0.203238042739
0.515	0.351637515067	0.332610595716	0.203235745323
0.52	0.361967647851	0.332639760074	0.203238239644
0.525	0.367514749079	0.332647095777	0.203236628115
0.53	0.370870740093	0.332650601931	0.203237668104
0.535	0.370993236677	0.332657957662	0.203238756439
0.54	0.389633432953	0.3326707864	0.203240505604
0.545	0.389319917694	0.332677278397	0.20324080282
0.55	0.392925181039	0.332685360748	0.203242253434
0.555	0.399139562628	0.332699200952	0.203242637025
0.56	0.408786462757	0.332710694844	0.203242996221
0.565	0.418621467603	0.332715031068	0.203244186021
0.57	0.418219016471	0.33272706018	0.203245647748
0.575	0.429164966505	0.332737747153	0.203245862764
0.58	0.441283459136	0.332748415123	0.203177780751
0.585	0.447836674938	0.332762342748	0.203249128883
0.59	0.475074402161	0.332785928955	0.203191598241
0.595	0.529211529184	0.332794468125	0.203249727877
0.6	0.62546914634	0.33281957023	0.20325763059
0.605	0.6369142207	0.332851414254	0.203257551751
0.61	0.644368670656	0.332852969566	0.203259783797
0.615	0.656908109782	0.33287998275	0.203260396388
0.62	0.648655698993	0.332857690915	0.203260635494
0.625	0.588816650339	0.332838313001	0.203255966679
0.63	0.516365834936	0.332812049934	0.203252782238
0.635	0.534209244236	0.33280717588	0.20325295931
0.64	0.531544783765	0.332811015829	0.203252213251
0.645	0.541567394736	0.33281300077	0.203253172727
0.65	0.552958014467	0.332812972747	0.203253676712
0.655	0.570628614541	0.332818359402	0.203253848353
0.66	0.592294624617	0.332820887665	0.203254024019
0.665	0.610803657336	0.332826547455	0.20325481279
0.67	0.629289989812	0.33282996719	0.203256219395
0.675	0.624685875618	0.332834116108	0.203256985502
0.68	0.63957174594	0.332837226663	0.203256441702
0.685	0.637611892636	0.332846118607	0.203256769713
0.69	0.646885933464	0.33284982359	0.203257804422
0.695	0.651018969604	0.332859165574	0.20325802632
0.7	0.65063927608	0.332856811723	0.203259246018
0.705	0.655735886794	0.332871963452	0.203261332775
0.71	0.654274151112	0.332866095533	0.203259769078
0.715	0.654762413588	0.332870024246	0.203259593209
0.72	0.656156928947	0.332878813478	0.203262035994
0.725	0.656093280933	0.332870288766	0.20326110646
0.73	0.656132261295	0.332873105288	0.203261223116
0.735	0.656410077333	0.332872841115	0.203261194122
0.74	0.657034084808	0.332873499552	0.203260672202
0.745	0.657181815859	0.332876034605	0.203260972536
0.75	0.657798965488	0.332880417947	0.20326220986
0.755	0.657938396293	0.332881132219	0.203262186429
0.76	0.658319349388	0.332889207278	0.203262822675
0.765	0.658629667005	0.332885562342	0.203262835737
0.77	0.658923676834	0.332892713864	0.203262761034
0.775	0.658940840292	0.33289057619	0.203263655751
0.78	0.659477003443	0.332892362374	0.203263984129
0.785	0.659652720524	0.332889035902	0.20326399657
0.79	0.659977622903	0.332898107378	0.203264129824
0.795	0.660037837803	0.332899718393	0.203264557495
0.8	0.660154643105	0.33290251187	0.203264982643
0.805	0.660603616393	0.332903984348	0.203265478972
0.81	0.660653780004	0.332904712272	0.203265521758
0.815	0.660867853397	0.332907028567	0.203264917989
0.82	0.661099333836	0.332908733402	0.203265679195
0.825	0.661259893779	0.332910620945	0.203266116388
0.83	0.661418030659	0.332913603024	0.203266493541
0.835	0.661374624469	0.332916388486	0.203266993639
0.84	0.661689426372	0.33291696112	0.203266893433
0.845	0.661731515075	0.33291851017	0.203267222641
0.85	0.661903498142	0.332918746213	0.203267497296
0.855	0.662015485701	0.332921499162	0.203267943711
0.86	0.662062443195	0.332925561085	0.203268111017
0.865	0.662205867708	0.332924224077	0.20326810654
0.87	0.662310050588	0.332923942952	0.203268981139
0.875	0.662323101088	0.332927300802	0.203268470784
0.88	0.662429992804	0.332933028525	0.203268794089
0.885	0.662376767696	0.332933874026	0.203269495621
0.89	0.662589840129	0.332932602624	0.203269636699
0.895	0.662587913244	0.33293628356	0.203270158091
0.9	0.662693281353	0.332937820574	0.203270217781
0.905	0.662667124631	0.332938297971	0.203270289848
0.91	0.662776849593	0.33293640058	0.203270656442
0.915	0.662843028488	0.332938275498	0.203269617663
0.92	0.662926892642	0.332936115357	0.203270166226
0.925	0.662888856672	0.332938392049	0.203270832821
0.93	0.66294390274	0.332942507498	0.203270264108
0.935	0.663089253285	0.332946719754	0.203270927224
0.94	0.663144160974	0.332945278365	0.20327150354
0.945	0.663178511894	0.3329431683	0.203271739821
0.95	0.663258165438	0.332944685201	0.203271849112
0.955	0.663250712085	0.332946882459	0.203270986661
0.96	0.663234077461	0.332947098067	0.203271868289
0.965	0.663328480323	0.332949343858	0.203272073626
0.97	0.663375315553	0.332951696123	0.203271765941
0.975	0.663416962448	0.332950927089	0.203272403882
0.98	0.66348030004	0.332953304254	0.203272748366
0.985	0.663526375503	0.3329541686	0.203271814275
0.99	0.663563637742	0.332954054056	0.203273339854
0.995	0.663560395404	0.332957749599	0.203273033483
1.0	0.66358946263	0.332958942369	0.203273109444
1.005	0.66362341856	0.332960316776	0.203273414434
1.01	0.663698189557	0.332960936247	0.203274131244
1.015	0.663694825059	0.332962939253	0.203273482539
1.02	0.663754862578	0.332963626337	0.203273476812
1.025	0.663777811401	0.332964650055	0.203273633852
1.03	0.663802285561	0.332965052708	0.20327480171
1.035	0.663827255819	0.332968425394	0.20327506642
1.04	0.663873939782	0.332966571048	0.20327521539
1.045	0.663876280581	0.332968528429	0.203275545809
1.05	0.663893076312	0.33296806131	0.203275129267
1.055	0.663918637767	0.332968521242	0.203275432348
1.06	0.663939237335	0.332969996324	0.203275007329
1.065	0.663968208955	0.33297036842	0.203275227932
1.07	0.663986524026	0.332971548485	0.203275880605
1.075	0.663955980451	0.332971090254	0.203275009719
1.08	0.664026455337	0.332973325555	0.203276082702
1.085	0.664051829501	0.332972606169	0.203275917161
1.09	0.664061600361	0.332973854346	0.2032756759
1.095	0.664083291878	0.332975136646	0.203276154437
1.1	0.664108621386	0.332975616952	0.203276069251
1.105	0.664122743617	0.332976350772	0.203275540125
1.11	0.664140779906	0.332974630731	0.203275988793
1.115	0.664124649703	0.332973650119	0.203276087549
1.12	0.664141454432	0.332976087358	0.203276044531
1.125	0.664134180741	0.332976993043	0.203275634776
1.13	0.664165513775	0.332978906627	0.203276014476
1.135	0.664196547801	0.332977771874	0.203276239029
1.14	0.664190554518	0.332977750823	0.203276422915
1.145	0.6642349842	0.332978108349	0.203275948834
1.15	0.664219176007	0.33297846629	0.203276648183
1.155	0.664236194317	0.332979399432	0.203276550708
1.16	0.6642517054	0.332979655736	0.203276202367
1.165	0.664267058624	0.332981826924	0.203277535346
1.17	0.664281782827	0.332979102107	0.203277098195
1.175	0.664288616212	0.332982287804	0.203276574588
1.18	0.664319269316	0.332983151325	0.203276638582
1.185	0.664323841553	0.332878767921	0.203276955314
1.19	0.664332546725	0.332982872985	0.203277102803
1.195	0.664339275526	0.332982406437	0.203277066082
1.2	0.664350042191	0.332982691605	0.203277119388
1.205	0.664365747634	0.332983591678	0.203277320025
1.21	0.664380018671	0.332984732305	0.203277524828
1.215	0.664393148879	0.33298534752	0.203277907227
1.22	0.664415415484	0.332987419445	0.203278260858
1.225	0.664433385235	0.33298546954	0.203277366213
1.23	0.664438027129	0.332987499118	0.203277931599
1.235	0.664425411618	0.332988656145	0.203278296805
1.24	0.66443912179	0.332988618183	0.203277590037
1.245	0.664440867669	0.332989655103	0.203278065378
1.25	0.664468852658	0.3329900782	0.203277725696
1.255	0.66447390032	0.332990480158	0.203278417861
1.26	0.664485806127	0.33299123439	0.203278524431
1.265	0.664491159734	0.332991799596	0.203278425363
1.27	0.664505488774	0.332992843579	0.20327851934
1.275	0.664514442116	0.332992161396	0.203278499419
1.28	0.664520029541	0.332993119856	0.203278478291
1.285	0.664526093326	0.332992585141	0.203278559012
1.29	0.664541878807	0.332994109715	0.203278689504
1.295	0.664544542001	0.332992057654	0.203278769322
1.3	0.664559428289	0.332994657726	0.203279005715
1.305	0.664579884403	0.332995231234	0.203278862274
1.31	0.66457324474	0.332994966106	0.203278819541
1.315	0.664586068209	0.332995431735	0.203279132496
1.32	0.66461261271	0.332995741272	0.203278869864
1.325	0.664632826821	0.332998667191	0.203278982106
1.33	0.664642345235	0.332995378805	0.203278690698
1.335	0.664647766052	0.332995917091	0.203279297248
1.34	0.664635944607	0.332999270406	0.203279276422
1.345	0.664655394895	0.332999283964	0.203279211827
1.35	0.664653677738	0.332999588492	0.203279165219
1.355	0.664656150062	0.332999840423	0.203279365725
1.36	0.664667117569	0.333000449394	0.203279448404
1.365	0.664667427884	0.333000923933	0.203279251746
1.37	0.664682967857	0.333000691563	0.20327926608
1.375	0.664683246718	0.333000256303	0.203279400816
1.38	0.664685382048	0.33300062682	0.203279461068
1.385	0.664695518131	0.333000824457	0.203279575351
1.39	0.664703064321	0.333000841869	0.20327964275
1.395	0.664711413518	0.333002092286	0.203279353925
1.4	0.664717437704	0.333002256621	0.203279745086
1.405	0.664723535331	0.333003121986	0.203279974431
1.41	0.664730497868	0.333003614383	0.20328013916
1.415	0.664735037749	0.333003731264	0.203279931529
1.42	0.664743866788	0.333003391149	0.20328010541
1.425	0.664751518516	0.333003963802	0.203280198319
1.43	0.664758913068	0.333004590893	0.203280557562
1.435	0.664764111162	0.333005389919	0.203280561459
1.44	0.664769127089	0.333005615774	0.203279301235
1.445	0.664779861325	0.333006018829	0.203279446195
1.45	0.664784316435	0.333006426665	0.203280742272
1.455	0.664792338172	0.333007163193	0.203280935103
1.46	0.664766254801	0.333007562453	0.203270766547
1.465	0.664768879959	0.33300715649	0.203280974933
1.47	0.664802905924	0.333007659848	0.203281381452
1.475	0.664796321488	0.333007431068	0.203281254928
1.48	0.664787205959	0.333005958554	0.203281258775
1.485	0.664814598596	0.333007745259	0.203281494348
1.49	0.66481244666	0.333008077413	0.203281689054
1.495	0.664817680623	0.333008554203	0.20328144297
