"sleep" "l=1.5persec" "l=3persec" "l=5persec"
0.055	0.036	0.041	0.056
0.06	0.036	0.040	0.047
0.065	0.038	0.064	0.045
0.07	0.040	0.044	0.049
0.075	0.049	0.050	0.059
0.08	0.047	0.050	0.058
0.085	0.050	0.063	0.068
0.09	0.053	0.059	0.072
0.095	0.056	0.061	0.076
0.1	0.060	0.073	0.109
0.105	0.063	0.074	0.100
0.11	0.079	0.111	0.305
0.115	0.068	0.085	0.153
0.12	0.075	0.096	0.194
0.125	0.077	0.095	0.165
0.13	0.076	0.092	0.147
0.135	0.081	0.095	0.147
0.14	0.085	0.100	0.164
0.145	0.088	0.108	0.197
0.15	0.096	0.125	0.320
0.155	0.102	0.131	0.396
0.16	0.099	0.126	0.281
0.165	0.101	0.131	0.335
0.17	0.104	0.134	0.376
0.175	0.106	0.143	0.450
0.18	0.113	0.151	0.683
0.185	0.118	0.157	0.653
0.19	0.122	0.166	0.937
0.195	0.129	0.181	2.867
0.2	0.138	0.223	43.736
0.205	0.145	0.270	72.796
0.21	0.139	0.215	26.250
0.215	0.141	0.219	27.749
0.22	0.144	0.230	33.439
0.225	0.148	0.241	42.640
0.23	0.149	0.256	53.373
0.235	0.156	0.299	72.046
0.24	0.162	0.298	76.412
0.245	0.161	0.310	75.756
0.25	0.168	0.322	83.374
0.255	0.171	0.388	96.399
0.26	0.174	0.385	98.579
0.265	0.188	0.415	102.443
0.27	0.190	0.440	107.464
0.275	0.194	0.504	113.024
0.28	0.205	0.548	120.253
0.285	0.212	0.589	125.948
0.29	0.213	0.733	134.659
0.295	0.226	1.150	145.226
0.3	0.255	7.956	179.981
0.305	0.260	18.512	182.524
0.31	0.258	21.393	188.269
0.315	0.248	2.253	160.523
0.32	0.253	2.233	160.653
0.325	0.255	2.708	163.598
0.33	0.256	3.315	167.739
0.335	0.261	5.084	171.974
0.34	0.268	9.058	176.398
0.345	0.269	18.094	182.875
0.35	0.277	25.046	185.488
0.355	0.284	31.912	190.244
0.36	0.302	39.589	198.010
0.365	0.292	40.131	194.873
0.37	0.309	44.691	197.843
0.375	0.310	47.679	201.338
0.38	0.316	50.217	203.855
0.385	0.324	55.522	206.786
0.39	0.334	59.186	210.253
0.395	0.344	64.718	214.225
0.4	0.352	70.449	216.716
0.405	0.369	75.094	221.059
0.41	0.362	78.920	223.246
0.415	0.368	83.864	225.574
0.42	0.381	87.953	230.086
0.425	0.385	90.716	229.863
0.43	0.395	94.601	231.511
0.435	0.413	98.782	234.906
0.44	0.424	103.089	235.986
0.445	0.432	110.003	238.642
0.45	0.448	110.940	241.929
0.455	0.458	115.956	244.208
0.46	0.466	116.267	246.322
0.465	0.484	122.172	249.218
0.47	0.494	125.100	251.664
0.475	0.516	127.929	251.286
0.48	0.523	133.620	254.658
0.485	0.542	135.975	256.866
0.49	0.553	137.775	258.674
0.495	0.598	153.311	268.432
0.5	0.598	147.455	264.936
0.505	0.643	152.945	269.441
0.51	0.687	160.344	272.383
0.515	0.650	153.328	268.322
0.52	0.690	159.795	272.742
0.525	0.714	161.510	269.874
0.53	0.730	162.344	271.722
0.535	0.733	164.119	273.683
0.54	0.818	167.307	276.893
0.545	0.819	168.969	277.448
0.55	0.839	171.084	280.179
0.555	0.873	174.829	280.912
0.56	0.928	178.066	281.602
0.565	0.989	179.320	283.906
0.57	0.989	182.888	286.788
0.575	1.063	186.179	287.219
0.58	1.154	189.584	194.967
0.585	1.209	194.220	293.894
0.59	1.473	202.607	208.570
0.595	2.335	205.826	295.156
0.6	9.796	215.903	312.809
0.605	13.937	230.196	312.625
0.61	18.926	230.945	317.995
0.615	44.528	244.730	319.503
0.62	23.671	233.246	320.097
0.625	4.766	224.104	308.932
0.63	2.089	212.798	301.754
0.635	2.472	210.826	302.147
0.64	2.411	212.381	300.511
0.645	2.667	213.195	302.624
0.65	3.014	213.186	303.747
0.655	3.718	215.422	304.133
0.66	5.047	216.489	304.529
0.665	7.011	218.913	306.311
0.67	10.930	220.405	309.539
0.675	9.633	222.242	311.327
0.68	15.437	223.640	310.060
0.685	14.335	227.730	310.827
0.69	21.500	229.480	313.266
0.695	27.433	234.010	313.796
0.7	26.763	232.855	316.730
0.705	39.690	240.515	321.877
0.71	34.898	237.493	318.009
0.715	36.371	239.512	317.582
0.72	41.326	244.152	323.656
0.725	41.074	239.654	321.321
0.73	41.232	241.125	321.615
0.735	42.377	240.989	321.545
0.74	45.186	241.337	320.248
0.745	45.907	242.679	320.997
0.75	49.170	245.033	324.112
0.755	49.973	245.423	324.055
0.76	52.299	249.893	325.681
0.765	54.357	247.859	325.717
0.77	56.459	251.889	325.528
0.775	56.589	250.674	327.839
0.78	60.881	251.693	328.697
0.785	62.432	249.809	328.732
0.79	65.512	255.024	329.083
0.795	66.118	255.975	330.209
0.8	67.323	257.639	331.336
0.805	72.379	258.526	332.661
0.81	72.993	258.968	332.778
0.815	75.724	260.379	331.172
0.82	78.913	261.428	333.205
0.825	81.286	262.599	334.385
0.83	83.765	264.469	335.410
0.835	83.073	266.240	336.778
0.84	88.387	266.609	336.506
0.845	89.151	267.608	337.412
0.85	92.405	267.763	338.172
0.855	94.654	269.557	339.413
0.86	95.631	272.247	339.882
0.865	98.737	271.359	339.872
0.87	101.122	271.175	342.334
0.875	101.431	273.422	340.897
0.88	104.015	277.340	341.810
0.885	102.716	277.930	343.805
0.89	108.133	277.050	344.211
0.895	108.084	279.623	345.713
0.9	110.976	280.713	345.888
0.905	110.247	281.055	346.099
0.91	113.384	279.713	347.166
0.915	115.364	281.044	344.169
0.92	117.973	279.517	345.749
0.925	116.779	281.132	347.688
0.93	118.521	284.097	346.037
0.935	123.374	287.197	347.969
0.94	125.313	286.132	349.666
0.945	126.558	284.586	350.368
0.95	129.538	285.700	350.695
0.955	129.256	287.328	348.153
0.96	128.628	287.491	350.757
0.965	132.292	289.176	351.371
0.97	134.189	290.962	350.458
0.975	135.922	290.379	352.364
0.98	138.643	292.199	353.403
0.985	140.692	292.868	350.609
0.99	142.394	292.782	355.202
0.995	142.247	295.667	354.273
1.0	143.601	296.612	354.506
1.005	145.215	297.708	355.437
1.01	148.896	298.206	357.641
1.015	148.729	299.822	355.650
1.02	151.815	300.382	355.635
1.025	153.030	301.219	356.118
1.03	154.347	301.551	359.735
1.035	155.714	304.342	360.567
1.04	158.333	302.805	361.038
1.045	158.469	304.433	362.084
1.05	159.436	304.046	360.772
1.055	160.929	304.432	361.730
1.06	162.153	305.671	360.394
1.065	163.905	305.987	361.090
1.07	165.033	306.988	363.160
1.075	163.167	306.602	360.409
1.08	167.546	308.509	363.810
1.085	169.182	307.896	363.284
1.09	169.822	308.968	362.519
1.095	171.257	310.077	364.047
1.1	172.963	310.496	363.777
1.105	173.930	311.137	362.096
1.11	175.180	309.647	363.525
1.115	174.066	308.805	363.843
1.12	175.232	310.915	363.708
1.125	174.729	311.708	362.406
1.13	176.930	313.394	363.617
1.135	179.165	312.396	364.338
1.14	178.732	312.380	364.931
1.145	182.014	312.697	363.415
1.15	180.836	313.015	365.662
1.155	182.110	313.843	365.350
1.16	183.287	314.073	364.233
1.165	184.467	316.016	368.557
1.17	185.613	313.587	367.131
1.175	186.151	316.436	365.437
1.18	188.594	317.219	365.646
1.185	188.966	244.360	366.674
1.19	189.676	316.972	367.156
1.195	190.229	316.553	367.039
1.2	191.119	316.813	367.215
1.205	192.431	317.631	367.872
1.21	193.639	318.673	368.545
1.215	194.764	319.239	369.806
1.22	196.700	321.154	370.980
1.225	198.291	319.356	368.033
1.23	198.708	321.233	369.894
1.235	197.588	322.314	371.107
1.24	198.811	322.281	368.774
1.245	198.970	323.256	370.344
1.25	201.515	323.657	369.225
1.255	201.983	324.039	371.520
1.26	203.092	324.756	371.878
1.265	203.596	325.296	371.550
1.27	204.953	326.296	371.866
1.275	205.811	325.646	371.802
1.28	206.351	326.566	371.734
1.285	206.940	326.056	372.006
1.29	208.485	327.524	372.445
1.295	208.750	325.557	372.715
1.3	210.232	328.059	373.512
1.305	212.302	328.618	373.032
1.31	211.629	328.363	372.891
1.315	212.940	328.818	373.947
1.32	215.703	329.122	373.065
1.325	217.856	332.002	373.445
1.33	218.886	328.774	372.469
1.335	219.478	329.301	374.514
1.34	218.199	332.609	374.446
1.345	220.318	332.625	374.230
1.35	220.132	332.931	374.075
1.355	220.406	333.185	374.756
1.36	221.621	333.797	375.039
1.365	221.658	334.276	374.375
1.37	223.402	334.045	374.426
1.375	223.436	333.611	374.885
1.38	223.680	333.985	375.092
1.385	224.836	334.186	375.483
1.39	225.705	334.206	375.715
1.395	226.674	335.470	374.736
1.4	227.379	335.639	376.069
1.405	228.097	336.521	376.856
1.41	228.922	337.026	377.424
1.415	229.464	337.148	376.714
1.42	230.523	336.803	377.313
1.425	231.449	337.391	377.635
1.43	232.351	338.037	378.878
1.435	232.990	338.863	378.894
1.44	233.610	339.099	374.580
1.445	234.945	339.519	375.074
1.45	235.505	339.945	379.529
1.455	236.518	340.715	380.203
1.46	233.266	341.135	347.762
1.465	233.592	340.713	380.347
1.47	237.870	341.242	381.774
1.475	237.033	341.005	381.332
1.48	235.883	339.474	381.348
1.485	239.383	341.339	382.179
1.49	239.107	341.690	382.869
1.495	239.788	342.194	382.003
